# FAT3 v8 flags=00320504 count=234
006ea37b,3,13236,33858
02529f9d,3,288216,1048748
02d7de3a,0,63296,0
08c92d80,3,5952,16322
0a403e3e,0,68860,0
0aed5697,3,13316,34094
0ba1ff8a,3,5070,13103
0ca59de1,0,70156,0
1254bbe3,0,557148,0
12681333,0,605168,0
127e48b0,0,592212,0
14bececa,3,14336,42770
1798e817,3,4470,14577
1bae8bd3,3,20187,65589
1bcf2219,3,5586,16698
1c58f8ed,3,13158,33725
1dd6bcfa,3,31894,121961
1e25ae85,0,61032,0
203525ef,3,27178,91371
22b14d2b,3,2678,8107
230e084a,3,6342,17622
23cab1c3,3,3070,11559
251f6276,0,637288,0
2672724b,3,58826,294386
269dc34a,3,7568,30047
2877b4c1,3,280804,1048748
29f1965a,3,52902,262316
2a491599,3,8320,26553
2a9520a9,0,638292,0
2b4cb9bf,3,13160,33725
2b94faf0,3,8106,24730
2c5884e4,0,69968,0
2d13a38e,3,15614,57144
2d20be13,3,6618,23121
30c0dd5c,3,12250,30720
346a9493,3,4382,12390
34aae66e,3,64744,213071
37df0767,3,31506,115451
3a77cba8,3,13188,33862
3a8d1648,0,68288,0
3b159504,3,2646,8364
3b16f64d,3,9924,36842
3f1f1d05,3,2714,7511
3f7904e5,3,81388,263585
3f7c9a1c,0,77880,0
3faec498,3,22970,77631
409dda5b,3,29326,262316
4418587d,0,518356,0
458def98,3,307018,1048748
46490681,3,26568,97284
464f73dd,3,9390,31619
480d5e80,3,24332,79793
48a26356,3,15188,49368
49ef8f83,3,14130,30233
4a1fa1d9,3,3220,9985
4a552dc9,3,2506,6911
4a893cab,3,35046,133385
4b144f50,3,19516,65102
4b52d6a5,3,2684,6825
4ba35cb6,3,11240,35514
4c837ae5,3,9876,36764
4e6f338b,0,670296,0
4e850f83,3,13228,33812
4fa5fe2f,3,16714,57094
50d48be4,3,7378,22145
51ab7f06,3,4464,13111
5207f04b,0,66288,0
521146d7,3,4844,12565
52df9a8c,0,601372,0
5448e27a,3,2694,7321
547fe0c1,3,13344,34013
55e21375,3,5758,15053
56f39fb3,3,6708,16346
5a4fe9f5,3,13168,33771
5ab085bc,0,609544,0
5abf8a5f,3,6044,15625
5b281daa,3,3218,8795
5b2e501d,3,11218,40566
5e215354,3,25388,89643
5e62fa65,0,679092,0
5f476843,3,49204,179571
6021d3c4,0,601280,0
6084887a,3,53348,194210
60dd42af,3,3254,11704
623710d6,3,13168,33771
6284881d,3,2412,6522
62d524ed,3,32250,111468
63df8e0f,3,8644,33053
63f60b8c,3,5488,16852
65234bdd,0,77428,0
65761896,3,6026,20489
6951e6dd,3,6488,19992
69cbd05d,3,34082,124758
69cefe2b,3,53224,187501
6a8d27d2,0,573040,0
6b9d7c60,3,3212,10148
6ba6cd0b,0,677408,0
6c45f891,3,2540,6277
6d1395a5,3,3394,8615
6d920e44,3,10729,33015
7037fb95,3,581822,2097324
7174f856,3,1720,4172
74816e77,3,20942,72108
7484cd48,3,3890,12419
77b55dbd,3,4368,17874
77dd2943,3,48470,138356
78da9710,3,1356,4037
7a013fb2,3,588,841
7a421fb4,3,13288,33930
7abe2c8b,3,8944,29899
7b24ceb9,3,5788,17319
7c262ed2,3,2394,6949
7d0f2d79,3,4834,18281
7daecee1,3,13188,33862
7f7d29e9,3,3012,9782
81305b1b,3,3492,9874
815076df,3,7672,27718
817b7bb6,3,3652,9935
82734278,3,22494,84248
82e18293,0,75192,0
8429c8b4,0,649824,0
855b88da,3,14564,59960
85ff93c3,3,43428,134165
86264659,3,319154,1048748
89999115,3,8156,22293
8acb28c1,3,47202,152924
8bb44547,3,31996,97647
8c55e5a3,0,74136,0
8f2909a6,3,13316,34094
8f355c5e,0,72620,0
8f36075c,0,67592,0
9023908b,3,62338,262316
915d44eb,3,1000,2549
91dc1a7b,3,2480,6533
932931a0,3,2518,7524
93b3b04f,3,6480,24738
951acb8c,3,8952,27159
97adb21b,0,62072,0
97d3b687,3,13168,33771
97dc51d0,3,4072,11594
97f2118f,3,3922,12264
981cd74b,3,8302,26502
99b42357,3,21346,68120
9c427e93,3,2374,6236
9cde1aad,3,4554,12139
9e47af46,3,2088,5276
a00b8f03,0,574728,0
a28a8b47,3,13168,33771
a2d98d4c,0,555440,0
a42c48cc,0,64836,0
a4389d6d,3,34130,95577
a478cc61,3,50920,191711
a737bd50,3,6510,16284
aa418d57,3,1464,3103
aa6b3ae7,3,29120,104428
aac29ead,3,11870,29243
ab090f86,3,5688,16687
abcc99d9,3,2516,7546
aca3fd0e,3,13160,33725
ade5e30f,3,1032,2330
afb6e19e,3,28580,105445
b00a80ce,3,7740,24239
b0e388eb,3,13380,34181
b0ee46f9,3,1462,3823
b2b4caef,3,13160,33725
b3d8ba14,0,598296,0
b48e3b4b,3,13188,33862
b68c1213,0,67276,0
b731b86f,3,22622,64115
b9a3f8cb,0,63020,0
b9ed60ab,3,1338,2964
bbd1e079,3,13184,33861
bc07f660,3,5936,17433
bdab2095,3,17992,61211
be848494,0,62712,0
bf03330c,3,305624,1048748
bf815deb,3,281970,1048748
c0b8c4b6,0,616464,0
c1db8f49,3,7268,16308
c3cb09dd,3,3810,12553
c3e4c071,3,5024,14692
c48dd27f,3,8562,26861
c502b868,3,69074,207099
c5836d7f,3,4194,13258
c61a687d,3,13288,33930
c7973df7,3,5912,35388
cd59967f,3,2524,6598
cd7af4e6,3,7078,25769
cddabe21,3,22992,74321
ce296d98,3,2996,8227
ceaa1330,3,4758,13956
d16fa63d,3,8780,33695
d3456d15,3,638694,2097324
d365ef39,3,4138,13145
d638fedd,3,13254,33948
d6747476,3,30282,105707
d680a10f,3,274062,1048748
d71ef2a9,3,824,1894
d8b5c6d9,3,5462,16312
da07132b,3,6106,22529
dbd82924,0,68140,0
dc2fe821,3,8342,26571
dc7e2e88,3,54516,199705
dcefa18d,3,3072,9822
dee27d46,3,3104,8719
dfa35260,3,2958,8659
e0666c6d,3,8768,26859
e06e693b,0,616924,0
e2df6e02,3,1470,3884
e4577791,0,644532,0
e7f72697,3,13316,34094
e86f9765,3,4570,13578
e8f00c2b,3,10708,39730
e99c471d,3,9226,35107
ea7e151f,3,8398,26711
ef62dbea,3,21792,71479
f07290ef,3,19706,64844
f136ba26,3,446,521
f23b52a7,3,13142,48428
f386ca77,3,387300,1048748
f4811978,3,34114,114449
f58a3b7c,3,10070,36094
f6356b3d,3,13288,33930
f65452c4,3,8176,24587
f6cf5c45,3,31542,131244
f9b20d67,3,8864,34118
fb071550,3,2638,8108
fb6902fa,3,20456,69117
fbbd08bb,3,6544,20042
fbf995c5,3,13316,34094
fcb63d4b,3,45072,160213
fda60e19,0,68508,0
feb30042,3,2604,8236
fffbf10a,3,27854,131244
