# FAT3 v8 flags=00320504 count=949
009476a0,3,62948,281446
00c21ba3,3,674,2372
013da580,3,628,1532
019d2281,3,1154,4062
01bfbda9,0,248,0
02d7de3a,3,1218,1476
02efc21d,0,77,0
030d58b5,0,113,0
038fe4b5,0,155,0
03c69dbc,0,151,0
04361715,0,146,0
04784a0d,0,172,0
049d0380,0,156,0
049f426d,3,1118,3325
04dcd9af,3,802,1118
05ca5b78,0,337,0
05e72ada,0,241,0
06218945,0,166,0
0678016a,0,156,0
06947410,0,154,0
07092f10,3,1338,4576
0719ffe4,0,144,0
071eaec6,3,9954,37636
07a69e2b,0,22,0
07be544b,0,154,0
07cc7ecd,3,3930,29855
07d76086,0,185,0
07f4a903,0,292,0
093d9056,0,426,0
09aebe3a,3,29568,137569
09b76e68,0,155,0
09fa3c78,0,254,0
0a403e3e,3,1256,1544
0b4b9967,0,159,0
0b71d3d6,3,536,1038
0bffdf04,0,241,0
0ca59de1,3,1208,1472
0d76b0af,0,345,0
0d9a67b6,3,1068,2376
0db6c23a,0,259,0
0dd796fb,0,154,0
0e16201a,0,109,0
0e38fb44,0,232,0
0e476638,0,155,0
0e959cb6,0,235,0
0ea7a240,0,148,0
0ebe20dc,0,153,0
0f4e6156,3,904,2038
0f67dac7,0,131,0
0f790c0b,0,154,0
0f85dd33,0,155,0
1010ebca,0,134,0
102e297b,3,648,1871
104aaff8,0,171,0
11ca668f,0,414,0
11dabf13,3,5188,20249
11df5630,0,148,0
122f7e59,0,246,0
12432b04,0,143,0
1254bbe3,0,554920,0
12681333,0,605164,0
127e48b0,0,592264,0
12e61d9f,3,2834,10557
12e8b3cb,0,150,0
135093bc,0,238,0
139204dd,0,242,0
144d96ff,3,1164,1457
147f9c2a,0,230,0
14b67187,3,4166,17754
14e02e55,0,121,0
14f274a9,3,2030,10013
15371968,0,273,0
15a727dd,3,1294,2891
15b10ea5,0,306,0
15c6ab7f,3,1270,3201
16602e15,3,2358,10281
1660e00e,3,476236,3157583
169d4a1f,0,245,0
170c41a0,0,159,0
17864456,0,82,0
17fcbb88,0,155,0
18add193,3,834,2773
18d127c2,0,173,0
18e4c5d6,0,238,0
1903d1a7,0,156,0
1905693d,0,369,0
191b76ca,3,135660,760414
194294f9,0,145,0
19b4d1ae,3,2304,13404
1ae3f610,3,800,1453
1b55e38a,0,485,0
1b5fe622,3,750,1294
1c11a7d5,0,206,0
1c1b22b3,0,151,0
1c90d1fe,3,2656,8057
1cf503fe,3,28402,104086
1dd6bcfa,3,31888,121841
1de1004c,3,1044,2464
1e1050a9,3,2082,6803
1e25ae85,3,1336,1708
1e68c685,3,4116,19579
1e9d7e05,0,155,0
1eae2ef3,3,506,762
1f07ec83,3,2427465,10021703
1f09f135,3,21168,81195
1f42a88d,3,15738,53912
1f4b5fcf,0,241,0
1f891377,0,143,0
201d2cf2,3,3238,13278
205789b3,0,129,0
214ad027,3,130692,680936
215883f0,3,610,1062
216ce9c3,0,147,0
21a0d74f,0,148,0
21dbb7de,0,155,0
21fad4e6,3,296,564
2219c3ea,0,440,0
223d441d,3,2082,7093
23cb56be,0,314,0
23d97de4,3,504,1114
242bb808,0,140,0
24755c44,0,782,0
251f5a09,3,48868,206412
251f6276,0,637356,0
255bed1e,0,148,0
257ee651,0,147,0
2601b4a0,3,5164,26956
26105365,0,122,0
2628544b,0,131,0
2672724b,0,295508,0
285d1e3c,3,3360,12399
289ac699,0,154,0
28f3427f,0,350,0
295f376d,3,3288,8316
29fa7906,0,357,0
2a82590a,0,238,0
2a9520a9,0,638296,0
2accbff8,0,252,0
2b029eae,0,151,0
2b855c52,0,147,0
2b87ba10,0,254,0
2bcc2381,3,5364,37727
2c2f3981,0,86,0
2c5884e4,3,1290,1532
2c66d53a,0,244,0
2c70b67d,3,2836,12138
2d00097f,0,249,0
2d69fd53,0,141,0
2de24d63,3,528,1162
2dfc8b4d,3,622,1786
2e19a673,3,1206,4456
2e1c4b67,3,588,980
2e81bebf,3,2722,14120
2e99f39c,3,1390,1569
2ea8c4a7,3,456,1070
2edff1a8,0,164,0
2ee998fb,3,2362,4614
2f0a4af2,0,86,0
2f0d879e,0,147,0
2f46c44a,3,836,1082
2f4dd4de,0,146,0
2f5157c8,0,198,0
2f78bffd,3,8542,39976
2fbf5cb4,3,27302,149107
2fbfd080,0,116,0
3069b18f,0,151,0
3096bf2b,3,1754,6218
30d6a972,3,18210,72909
30e585c2,0,172,0
31467344,0,305,0
31694e4b,0,134,0
31ac467c,0,141,0
31b576de,0,249,0
31c81435,0,236,0
31e1f194,0,172,0
321a9327,0,261,0
3224850d,3,1084,27978
32ed72fc,3,18086,91012
332967c8,3,3036,12619
3349a9b0,3,2564,15005
33a54a99,0,95,0
33fe3479,0,109,0
34706340,0,572,0
348d3eb3,3,3984,13166
349899f7,3,1062,4883
34ce9ba4,0,157,0
35d85395,3,1222,4505
360ac9e8,3,1190,2716
3615e6fe,0,157,0
36281a31,3,9002,30090
3649872f,0,116,0
364d4210,3,2196,5403
36678005,3,1474,1674
36cf6061,0,261,0
36e24399,3,610,2182
3736dfdb,3,2854,9096
374912e9,3,880,3764
3755a253,0,227,0
3782d5b9,0,96,0
3840fe74,3,380,741
386927b5,0,285,0
38f61348,3,14392,50090
393d95fa,3,3188,14035
39626fa9,0,449,0
39aa5a2e,0,155,0
3a14aebb,3,460,629
3a6e303d,0,192,0
3a75e174,3,1002,3216
3a8d1648,3,1302,1600
3a915317,0,574,0
3ac3a41a,3,1178,3420
3b16f64d,3,9888,36786
3b440b10,0,155,0
3b74c035,3,1842,6658
3b7c9e6f,3,4920,21189
3bc60e85,0,335,0
3c331844,3,7492,52966
3c52b03f,0,232,0
3c6fb287,0,241,0
3c9b8240,3,3866,32489
3ca6e0c4,0,193,0
3cb5108a,0,115,0
3cd435e8,0,612,0
3cd7ecbe,0,160,0
3db2faff,0,130,0
3e104ebf,0,167,0
3e1e7317,0,154,0
3e2763a3,3,272994,1578245
3e848b1d,3,6430,32438
3e991090,0,378,0
3eac0b95,0,239,0
3ee45a55,0,155,0
3f47d1d4,0,241,0
3f4c1f31,3,480,1468
3f7c9a1c,3,1404,1652
3f980361,0,254,0
3fa731c8,3,5700,26182
3fcf7bc4,0,137,0
3ffa9ffe,0,238,0
40bf4007,3,1026,2730
40d4472a,0,142,0
41abdde5,0,153,0
423edf3b,0,227,0
4319a7db,3,2328,10406
4386a0d9,0,232,0
439b3b77,0,241,0
43aa91b6,3,9944,39945
43ab4d7d,3,738,1989
4418587d,0,518368,0
448d364a,0,244,0
45816488,3,935824,5313732
466ddddb,3,342,595
468a502b,3,624,852
46ae72f3,3,8786,42080
4745b79a,0,236,0
474d911f,3,2812,15115
476ac23f,0,106,0
476fe587,3,2460,16967
4828c339,0,327,0
485c08d2,0,236,0
485e2a78,0,133,0
4875c2dd,3,1798,4132
4904181b,0,155,0
493323d8,3,2514,8332
494a67f0,0,149,0
4956cf00,0,155,0
497fff08,3,24964,215075
498da7d4,3,1644,3034
49a6f338,0,145,0
4a341206,3,812,1371
4a354bb2,3,614,702
4a451156,0,121,0
4ab94b2b,3,802,1118
4b4ee892,0,154,0
4b912f7b,3,846,1726
4c1df446,0,495,0
4c2af407,3,662,1581
4c76f4f3,3,348,522
4ce68868,0,127,0
4d586eb8,0,236,0
4d7854d1,3,1794,4279
4dc0e59c,0,145,0
4e106d40,0,154,0
4e6f338b,0,670304,0
4e8a5b1e,3,2056,6755
4ecdb391,0,179,0
4f365c20,0,244,0
50ad9c90,0,238,0
50dfc2d0,3,141512,727524
51394efa,3,906,2450
51572e0a,0,242,0
51a0dd57,3,10240,36453
51b3eaf0,0,138,0
51cc0e7b,0,128,0
51d303fa,3,2516,7956
52024723,0,326,0
5207f04b,3,1246,1496
52489f2e,0,121,0
52af05ab,3,646,923
52df9a8c,0,601400,0
52f6c5bf,3,2498,8816
532b6a74,0,118,0
5364a0f8,3,1648,3048
53a4b037,0,175,0
544e28c4,3,38428,172273
546b76e6,3,2914,9497
54960a9c,3,948,2309
54b71c15,0,155,0
54cfe8a1,0,232,0
54d7d4d5,0,227,0
54eef261,0,253,0
5596b604,3,586,1086
560836c5,3,848,2349
5641a62e,3,438,915
5696a973,0,136,0
56a3d984,0,232,0
56c3eec7,0,22,0
57bea222,3,502,809
58e005b7,0,117,0
59ccbbfe,0,242,0
59daccb8,0,652,0
59f41155,0,477,0
59f87fd0,0,236,0
59f8a63f,0,245,0
5a01f3bc,0,84,0
5a1fbaea,0,341,0
5a5ff404,0,145,0
5a8312d6,3,522,1013
5ab085bc,0,609580,0
5acd8d3e,0,352,0
5b5ac33f,0,101,0
5b64848e,3,604,1815
5b919b99,0,79,0
5bb5ff21,3,760,1866
5bf7eaac,0,239,0
5bfb43b0,3,2292,5910
5c6ad7f4,0,161,0
5cc29e57,0,160,0
5cc6947e,3,876,1814
5d565b2b,0,83,0
5d89c2ac,0,184,0
5e215354,3,25370,89523
5e56e46d,3,10714,50740
5e62fa65,0,679096,0
5ead775f,0,254,0
5f1b510b,3,426,516
5f31f9df,0,193,0
5f476843,3,49188,179491
5fe0f4d0,0,160,0
6021d3c4,0,601216,0
6084887a,3,53392,194090
60a2a417,0,22,0
60bc0baa,3,2102,8690
60ee2c64,0,160,0
613904e1,0,155,0
6154ac00,0,152,0
61655af9,3,948,4581
6193941a,0,320,0
61e28dac,3,5306,18667
626ac5a4,0,151,0
6293916d,3,2562,13550
62b8d9e3,0,148,0
62be403e,0,259,0
62d524ed,3,32258,111388
62e69f41,3,3766,15558
6317c636,0,154,0
634e4106,0,22,0
6352832d,0,241,0
64210ec5,0,249,0
64480df0,3,9870,58348
649234f8,0,129,0
65234bdd,3,1354,1628
65761896,3,6000,20285
660061bb,0,322,0
661c3b7a,3,1180,5369
6645ce0d,0,248,0
66d8c098,3,1752,7697
66e917ec,3,6142,36796
6838630e,0,368,0
684da826,3,3402,9714
686d0fb2,3,5978,19969
68900c32,0,241,0
68abd3f8,0,155,0
68bb7c9e,3,59282,237586
68c73c6f,3,816,1657
6958fed5,3,12696,24984
69b3a740,0,154,0
69cbd05d,3,34058,124506
6a0e9e0a,3,2265882,4519066
6a563711,0,138,0
6a8d27d2,0,573020,0
6abf1818,3,1466,3080
6ada59d8,0,154,0
6ae29951,3,3732,11309
6b00ed54,0,264,0
6ba6cd0b,0,677408,0
6cbe7d8f,3,650,1463
6cd5abc6,0,143,0
6d99c659,0,155,0
6ded73e1,0,160,0
6e1b6575,3,2418,12699
6e464e72,0,85,0
6e5e9c12,0,489,0
6f441829,0,80,0
6f7a18b9,0,275,0
6fa3afc2,0,244,0
6fcb7f0f,0,172,0
6fd8bd23,3,1400,3858
701f44a6,0,77,0
7020725b,0,241,0
704b7d0b,3,129878,186711
7080b7ce,0,157,0
70a8ff86,3,30862,68973
70af5be8,3,2560,15832
70d42f4b,3,62918,295759
70ef84e2,3,954,2778
70fc65ac,0,154,0
713cf3df,0,111,0
7144d99b,0,119,0
7277caec,3,14516,97883
72a94ec1,3,31514,158396
72edfe12,0,68,0
732af88a,0,231,0
73af6d4d,3,2100,6838
73bc0116,0,254,0
73e0182b,0,241,0
73f0aec3,0,155,0
73f8d84c,0,112,0
747e1415,3,510,862
74da3e84,3,5112,28550
754adaf8,0,77,0
75743eb6,3,241610,349772
75a05022,3,129796,186711
75a4b8aa,0,146,0
75af932a,0,125,0
7611c114,0,119,0
7628308f,3,4026,17511
763dbe42,0,158,0
770c2847,0,211,0
780f22c3,3,129794,186711
780fea70,0,232,0
789edc7b,0,331,0
79196837,3,370,541
7992d792,0,141,0
79be475c,3,728,1974
7a76ac54,0,265,0
7ae031a1,0,353,0
7ba65518,3,4032,30389
7bb5ce24,3,482,564
7bc837a7,3,1308,3790
7c27d7cc,0,149,0
7c4b9a80,3,5610,24845
7c4f310c,0,154,0
7ca25578,0,248,0
7d64ee45,0,148,0
7d6cc749,3,130300,186711
7d858eee,0,246,0
7de71f76,0,79,0
7e250882,3,5090,27682
7f14dfc0,0,154,0
7f3b2fd8,0,287,0
808f7eea,3,1938,6688
80a72869,3,5434,23257
80aadbf4,0,241,0
80b693f9,0,145,0
80db125f,0,124,0
81149e33,0,248,0
81165196,3,142392,507641
814a1553,3,2966,17085
81c4be90,3,1582,4487
8202330a,0,150,0
82025e4c,0,154,0
825a5ccc,0,113,0
82bd90cc,0,256,0
82cf0a77,0,261,0
82e18293,3,1350,1644
82eb4010,0,186,0
82f2006e,0,237,0
84212e36,0,236,0
8429c8b4,0,649824,0
84827f0f,0,154,0
855b88da,3,14564,59880
85dcc8d4,3,2748,22123
86b89f08,0,255,0
86c474dc,3,542,1481
873ce6ff,0,192,0
882fdda3,0,239,0
8840e119,3,3110,12558
89999115,3,8128,22193
89a43607,0,146,0
89b102a0,3,47036,108652
8a1e0a79,3,12194,55863
8aa79773,3,858,2158
8af4f390,0,274,0
8affe874,0,218,0
8b00f9de,3,2776,13056
8b1e2659,3,8312,23637
8b992e03,0,282,0
8ba6e58e,3,1840,4360
8bd0ab5d,0,473,0
8c5086b3,0,112,0
8c55e5a3,3,1380,1624
8c5ce66a,3,2096,4369
8c908bdb,3,354,529
8cdbed1f,3,876,1562
8ce3d506,3,5966,18379
8d1e6aed,0,80,0
8d4fe6d4,0,125,0
8d98ee71,3,302,804
8e12784e,3,794,2951
8e28a609,0,157,0
8e34eef6,0,379,0
8e4b6669,3,29500,89772
8e7f1b70,3,1608,5839
8f355c5e,3,1314,1624
8f36075c,3,1270,1508
8f3d8d5b,3,482,1056
8fdc735c,0,178,0
902b3012,0,155,0
905028ad,0,122,0
90579cb4,3,910,2299
90672d0d,0,238,0
906d179a,0,22,0
9164bc7d,0,145,0
918b9ecd,0,241,0
91d39ce1,0,124,0
91f4389d,0,241,0
921bdd56,3,2688,12200
922117fe,3,17146,131244
9260ef72,0,227,0
926bbc90,3,690,2440
928c6b2e,3,21346,63472
929463ac,3,1896,6399
92cf0a6a,0,143,0
92d437fe,3,1348,2782
92de3fc4,0,377,0
92f48c20,0,155,0
9317b18e,0,22,0
93378fe3,3,5302,25459
93a14251,3,1882,7165
9418062d,3,3432,15543
9420a8eb,3,9322,66278
942f73c9,0,146,0
94685593,3,116964,613360
948557c7,0,164,0
94db6742,0,133,0
951df0bc,0,142,0
951ea221,0,155,0
954d628a,3,1910,4416
9595d184,3,48202,290015
96527df3,0,238,0
97025c58,0,132,0
97342698,0,241,0
97911251,3,1506,4676
97adb21b,3,1238,1452
97e26e21,3,129732,186706
97f6f805,3,522,854
97fb0830,0,289,0
981e1a1a,3,542,1417
986fe995,0,171,0
989d4adf,0,22,0
98b3eb17,0,165,0
98cbd43d,0,154,0
98f7f15d,0,155,0
9a0c36f2,0,244,0
9a1829af,0,248,0
9aab1270,0,410,0
9b26a14e,0,148,0
9b405644,3,8028,35512
9b4265ac,0,115,0
9b880a2f,0,201,0
9b88bdbd,0,22,0
9c61e5cd,0,91,0
9c769f4d,0,147,0
9c9828a5,0,172,0
9ca17e00,0,239,0
9cb1d316,0,438,0
9d7d93ec,3,962,3115
9e204d9e,0,154,0
9e2c4308,3,1884,2537
9ea57c8d,3,1036,3598
9efa602b,3,2036,7855
9f6093ad,0,145,0
9fb64cb3,3,12604,48037
a00b8f03,0,574720,0
a0a07b65,3,1898,8487
a0d5e0dd,0,254,0
a0ddecfc,0,239,0
a121891f,0,134,0
a12981a8,0,108,0
a156e182,0,125,0
a1c9757e,3,516,811
a1e36656,0,85,0
a25875aa,0,187,0
a27cc4e8,0,148,0
a2b0a4fc,0,236,0
a2e4a48d,3,4980,36308
a3aed825,0,154,0
a3f3ed85,0,246,0
a422b7fe,3,1122,4161
a42c48cc,3,1306,1556
a4381d18,3,606,762
a443d63a,0,101,0
a485e818,3,40152,262316
a4c4352e,3,2448,15373
a4cb2f7e,3,40926,88624
a5c55d8a,0,267,0
a5fefb56,0,152,0
a6360482,3,1000,2312
a65dde59,3,261860,1506830
a6e21af8,0,275,0
a753bad1,0,118,0
a7a44a2c,0,451,0
a7d6f3dc,3,420,693
a7e613d6,3,446,1330
a8483b3a,0,154,0
a887ab0c,0,151,0
a8b40a08,0,615,0
a8ca4865,0,138,0
a9e76ac6,3,4962,26223
aa6b3ae7,3,29096,104348
ab4f6311,0,115,0
ab88fdcb,0,241,0
abbe48ff,0,157,0
abd3f48e,3,2486,10158
abe8648d,3,462,745
abe952b3,3,450,787
abeec01b,0,274,0
ac3d535f,0,144,0
ac4844d0,0,145,0
ad1cbf8c,0,261,0
ad3933e2,0,402,0
ad89f454,0,154,0
adacd085,3,8360,33923
adae915c,3,18806,122249
adc4ddae,3,1290,2902
adf05226,0,238,0
ae1f9e25,0,154,0
ae29ce10,0,148,0
ae77394b,3,5036,23978
aed0a0e2,0,146,0
aeeeabbb,0,154,0
af5b9687,0,77,0
af640092,0,150,0
af646c92,0,132,0
afbbdd32,3,2092,7550
affc2558,0,405,0
b02b153e,0,152,0
b0584490,0,232,0
b0fd1339,3,129816,186706
b1358135,0,238,0
b1409b10,3,7208,37069
b155054f,0,74,0
b1cf4999,0,227,0
b1da52eb,0,238,0
b280a136,3,6194,24688
b292ac02,3,2850,11863
b34793ee,0,154,0
b34ab28d,0,147,0
b36c9262,3,768,1188
b38b5cd7,0,238,0
b3aed724,0,155,0
b3b36aa5,0,237,0
b3d6b395,3,23532,111217
b3d8ba14,0,598296,0
b3de0751,0,236,0
b4b5bc42,3,404,988
b4cb8101,0,232,0
b60803f6,3,1818,9496
b68c1213,3,1278,1552
b6f62552,3,1064,3776
b70c8846,3,1062,3176
b73a5c7b,0,127,0
b77688e5,0,494,0
b7fe1ffd,0,153,0
b7ff2b9e,0,138,0
b80fca50,0,353,0
b81c22bf,3,3876,11435
b8580111,0,300,0
b86fee04,0,154,0
b8d8f72c,0,77,0
b8db1945,0,149,0
b8f87a86,3,2832,17763
b91ab2dc,3,1478,1649
b9a3f8cb,3,1214,1460
ba1826fd,0,253,0
ba7eed20,3,54222,262316
ba8f7406,3,2288,12453
baf4a57e,3,2764,10034
bb15b4b9,0,155,0
bb4fda6a,0,145,0
bd9698d5,0,150,0
bdc8ae5c,0,149,0
be48d114,3,506,1024
be4df51b,3,1684,4088
be60c7a5,3,10288,54081
c0064711,0,241,0
c020ee34,0,157,0
c028480c,3,3674,14320
c0299a17,3,850,2241
c076c6d6,3,13330,28502
c090f0db,3,1114,3343
c0a0cf9a,3,135568,683216
c0b8c4b6,0,616480,0
c1a2582f,0,338,0
c1ddec98,3,1032,3783
c1eade5e,3,2736,9671
c212f778,0,193,0
c21b91a0,0,95,0
c236d90e,3,700,1432
c2e86754,0,120,0
c3284717,0,371,0
c33297f7,0,237,0
c34584f8,0,155,0
c35141fd,3,13238,185282
c379c202,0,205,0
c4767e71,3,27592,97095
c48c0809,0,437,0
c4fd1fda,0,249,0
c529df2a,3,7838,94826
c52a6d9c,0,238,0
c54a5864,0,154,0
c629bfb5,0,242,0
c65593e5,0,138,0
c6695be6,3,934,2579
c6bf98d0,0,153,0
c6e75174,3,2088,11393
c73688a5,3,528,1317
c738dc99,3,14872,57164
c748f6f5,0,175,0
c79cb91d,3,682,1406
c7bc57d8,0,236,0
c7e501ed,3,1026,3732
c7ec038e,0,464,0
c808c038,3,426,746
c81946c5,3,464,1140
c86f9d6c,0,22,0
c8897f95,3,1414,4573
c88ac56a,0,144,0
c921f774,0,888,0
c9963b40,3,23112,77924
ca22de7b,3,670,1510
ca5bfd3f,0,253,0
ca891af1,3,664,1379
cad93fd9,3,804,2075
cafda777,3,2028,14622
cb1825ba,0,154,0
cb73da5a,0,155,0
cb78fd97,0,194,0
cb9401cb,0,242,0
cbc556d8,0,157,0
cbe2a706,0,68,0
cc18c56d,0,577,0
cc190341,0,143,0
cc2a3331,0,141,0
cc2a7b6e,0,144,0
cc688413,0,239,0
ccacdc14,3,344,1507
ccb1b3c2,0,283,0
ccf502fd,3,2962,16949
cd019fed,0,87,0
cd932d81,3,3392,12196
cd9abd18,0,236,0
cda2bece,0,178,0
cda80f0b,0,154,0
cddabe21,3,22976,74241
ce766812,0,128,0
cee8031c,3,39306,152740
cf0365f7,0,239,0
cf2a0a50,3,3230,15549
cf42cff1,3,3240,14352
cf9d97ce,0,195,0
cfe66c97,3,588,907
cfeb9ddb,0,79,0
d0c78042,0,245,0
d0ee8fff,0,253,0
d106e9df,3,626,1940
d12dd9c1,3,7276,32904
d19485b0,3,3498,18337
d1b0cabc,0,241,0
d21313d1,0,171,0
d214b4bf,0,147,0
d2166547,0,137,0
d234ea82,3,21668,85444
d29ce480,0,516,0
d2a36737,0,121,0
d2ca80be,0,167,0
d331fd0a,0,227,0
d3ae2b7e,3,13010,51308
d3f5655c,3,121832,666561
d5844c34,0,114,0
d58b9625,0,123,0
d5bf1b73,0,227,0
d620835a,0,143,0
d6492780,3,113754,471435
d6747476,3,30246,105627
d6789af4,3,27660,106170
d68fc7db,0,253,0
d69715e8,3,450,703
d6f0f1b3,0,373,0
d71ef2a9,3,790,1740
d821e160,0,387,0
d838ecc4,0,362,0
d89c8736,3,3622,15701
d8c2763d,0,194,0
d8c8892c,0,263,0
d90a1316,3,6456,26849
d9151c41,0,147,0
d9303fc8,3,7686,36648
dab266a0,0,239,0
dae1f1ad,0,97,0
db3cc2aa,0,261,0
dba36c53,0,150,0
dbaa47ff,0,158,0
dbaef634,0,241,0
dbd82924,3,1248,1460
dbdb0498,0,160,0
dbe3b3c5,0,92,0
dc909189,3,4316,34970
dceb45c7,3,796,2210
dcef2c2e,3,5692,22916
dd180344,0,237,0
dd74101a,3,218210,1049060
dd746192,3,21736,98670
dd7dd0b8,0,152,0
dd86e50a,0,153,0
dd889bc6,0,147,0
de069c10,0,98,0
dea714b1,3,129900,186701
dfe26cba,3,368,771
e03e49ea,0,195,0
e06e693b,0,616952,0
e0fa5e8d,0,98,0
e105bd68,3,374,540
e116eec3,3,14276,41959
e1190944,0,91,0
e14c857c,0,83,0
e171b0f4,0,172,0
e22d4662,3,43740,179934
e2a0915d,3,562,900
e2ac0bbc,3,1804,3170
e37ea9b4,0,225,0
e3970758,0,266,0
e3985b0b,3,2416,13556
e3af1091,0,139,0
e3cba378,0,309,0
e3ec75d2,0,238,0
e3ee0240,0,354,0
e4577791,0,644552,0
e46bbcd6,3,4664,18745
e4bc6c23,3,2754,20396
e557c337,0,152,0
e56043a7,0,95,0
e5950fbb,3,236738,734832
e5f80ce1,0,145,0
e6768d32,0,147,0
e6a53f58,0,82,0
e6cb832b,0,142,0
e6e06f75,3,2146,3050
e6e81140,3,1218,5587
e6eea1ed,3,2094,7315
e6f50721,0,201,0
e7880707,0,245,0
e7c5f50f,3,4800,20257
e7f71f1d,3,706,1094
e80b5f76,3,724,1184
e825c6bd,3,69028,331970
e83ff18a,0,201,0
e8595552,3,640,2239
e85c6873,3,336,1158
e87657ac,3,2876,12072
e87f84ed,3,1910,5886
e8c7c786,0,182,0
e8d4e75b,3,1366,4587
e9a3264c,3,130220,186711
ea854443,3,392,643
eab95daf,3,580,1322
eb0182c4,3,5314,17197
eb3fa574,0,377,0
ec317edc,0,255,0
ec679077,3,474,795
ece724f1,0,136,0
ed2dd248,0,154,0
ed33e375,0,248,0
edb5baf9,0,236,0
edd1bb96,0,143,0
ee028c84,0,242,0
ee08f7d4,0,157,0
ee19bbed,0,22,0
ef20f26c,3,954,2658
ef43a336,0,155,0
ef62dbea,3,21766,71439
f01c83f5,3,6012,25373
f05e2c65,0,242,0
f08f1b24,0,155,0
f0ad47d6,3,1856,8667
f0cef465,0,83,0
f111a36e,3,1314,4149
f17dabf0,0,148,0
f1ae6221,3,1860,6747
f1afc32a,3,1164,2977
f1dadf1c,0,133,0
f23b52a7,3,13114,48431
f2afce8a,3,6516,24569
f2cae39c,0,254,0
f2ced778,3,14962,54182
f2de809a,3,916,1572
f3231e1a,3,622,1685
f3944e4d,0,115,0
f42b6db8,0,441,0
f46875d4,0,152,0
f4811978,3,34102,114329
f4f9028a,3,500,1062
f5167b7f,3,72638,395780
f5474207,0,628,0
f5baa655,0,149,0
f61bc72f,3,1416,5386
f68f9ed2,0,227,0
f6d0fc9a,0,153,0
f6f0a4db,3,7014,40083
f7bdfc41,0,148,0
f81e6993,3,516,982
f86b292a,3,6608,28225
f89b6b54,3,16482,57955
f8eb3f27,0,275,0
f91b038b,3,636,1217
fa829be8,3,842,2382
faa88ac2,3,794,2078
faeb4d59,3,228596,1383134
fb8fcd6f,0,155,0
fba1a776,3,378,630
fc5830ac,0,154,0
fc81815f,0,252,0
fcb63d4b,3,44992,160093
fcc25e24,0,155,0
fd7fbfc1,0,166,0
fda60e19,3,1272,1532
fe298fbf,3,10980,68999
fe522dc8,3,2586,3100
feadd57a,0,165,0
fec7695f,3,880,2734
fef558a1,0,227,0
ff2215ea,3,602,1622
ff2365a1,0,152,0
ff29d00b,0,279,0
ff5f27a1,3,1960,3481
ffb2954a,3,30018,192108
ffba4ed3,0,242,0
ffc28484,0,154,0
